2.076135452891947786e+00
1.816993542208630963e+00
4.541909482902956263e+00
8.246061071221133520e-01
3.881497101090137569e+00
1.531962778856342133e+00
2.281511665930924249e+00
3.914622822519269629e+00
2.748365207841426461e+00
3.635127642706724060e+00
1.282067678738529892e+00
2.169672027801547554e+00
2.163237209699562236e+00
2.619076093497112900e+00
4.969575816262846502e+00
1.005109859429849539e+00
2.200646073267872538e+00
1.410942634490404579e+00
9.996941483347282498e-01
9.516004666094141085e-01
9.073358505461315282e-01
3.789402247008823998e+00
4.669946167094842338e+00
4.704047040419134795e+00
1.101140004965182051e+00
2.443227552859197793e+00
2.340145439302401265e+00
2.431131745081724915e+00
3.281495711542448124e-01
1.208848914437199440e+00
2.487786373783146932e+00
1.719246191112417499e+00
8.186131339489227665e-01
4.829507291792262791e+00
4.970307978707585228e+00
2.784253834530778793e+00
3.859179019094749474e-01
2.629497531110168040e+00
2.760906072311791082e+00
4.473328715328045435e-01
2.305653828366106772e+00
1.400587217673650020e+00
4.718802362688838237e+00
4.450371914368853155e+00
7.070442910743079956e-01
2.221650811647809753e+00
1.176925113449760918e+00
3.076993707478822060e+00
4.913003646890387266e+00
3.335911190173644236e+00
2.289195853620666021e+00
3.600284837404686300e+00
1.708459442416021545e+00
2.627279588393183207e+00
4.323861942473426367e+00
4.112406675532884748e+00
4.343462970942123746e+00
4.257870483783422699e+00
1.396571964160207457e+00
1.009557732206968206e+00
1.671619869628484967e+00
2.615412245164239646e+00
2.512825867506774280e+00
8.599903006569736830e-01
1.224864359991645335e+00
2.832782439200142832e+00
4.678572307714447653e+00
5.207083646136567712e-01
3.022919398808427083e+00
1.289059144637239029e+00
1.612853117347543552e+00
4.171400636347533997e+00
2.476656043336002533e+00
2.713488071506334087e+00
2.265383189242589523e+00
3.968254553037058319e+00
4.094849915171431043e+00
2.876245679877320605e+00
2.880387410202990495e+00
2.566506083668929961e+00
3.249199239968701303e+00
2.352620072171117016e+00
1.149122701913884548e+00
4.287972661182970491e-01
1.016751804487305400e+00
2.363676939820409828e+00
4.688726957776388815e+00
3.586034032604492605e+00
2.608822830488644939e+00
4.783336609548772600e+00
9.741444118975706168e-01
4.585039960234626122e+00
3.707194517286204860e+00
1.878594420312442281e+00
4.139555684449712558e+00
1.592567631685864349e+00
1.212456703036124850e+00
4.481312336951431163e+00
1.690391423718035080e+00
3.779654178612319448e+00
