1.747557404472237579e+02
1.145429337948433641e+02
3.627061408527169533e+03
1.529107508158117312e+01
1.874313487731453506e+03
6.702150082505204409e+01
2.432025062256026615e+02
1.940314833242955046e+03
4.790691046568225033e+02
1.433484920238475752e+03
4.113158161828618375e+01
2.006326730626444714e+02
2.019847715074175483e+02
4.000756501369051534e+02
5.337962546916046449e+03
2.181467737391297845e+01
2.147311720868810880e+02
5.342557340274637312e+01
2.417745959806795142e+01
1.995073644193700346e+01
1.684730149550823342e+01
1.697371694901406272e+03
4.084635529818338910e+03
4.213454216415332667e+03
2.786303497635904236e+01
3.098385025938286503e+02
2.675708677193064204e+02
3.044547443401489204e+02
2.272960308538622520e+00
3.616492491639320406e+01
3.317084096914829274e+02
9.541259266102511560e+01
1.410946563090283945e+01
4.716943307690642541e+03
5.343834656465209264e+03
5.033022653241829403e+02
8.106147835969096604e+00
4.067377911533806696e+02
4.860451848123308309e+02
5.887461443024085916e+00
2.525934636465019025e+02
5.102692832623925767e+01
4.269755363034047150e+03
3.323843299233064045e+03
1.110702040844198457e+01
2.199064098033804555e+02
3.364932966992739694e+01
7.364965642345351853e+02
5.081954761583074287e+03
1.014234754541535381e+03
2.466055412031516596e+02
1.376649188006659870e+03
9.327415931026256146e+01
4.058191751616807892e+02
2.943184664912197150e+03
2.383332992873462445e+03
2.998973230706916183e+03
2.756264847087453290e+03
5.146946797396414297e+01
2.327978763080327695e+01
8.813446347131159087e+01
3.983228433781118838e+02
3.437232206905820817e+02
1.693839943285557581e+01
3.706315987330080475e+01
5.371018684807585259e+02
4.116622552849248677e+03
9.647297667437625179e+00
6.892788057208708778e+02
4.235223433333782594e+01
7.910993636850189148e+01
2.528902188248813673e+03
3.265108736065380981e+02
4.548217271960685935e+02
2.388537542814349592e+02
2.053990398860798905e+03
2.339945646232507443e+03
5.681152174045425909e+02
5.715024036324288090e+02
3.717996125428003893e+02
9.137370966520774118e+02
2.720574102596741000e+02
3.198212805502842926e+01
6.063431658830307214e+00
2.584551401703467377e+01
2.755936870500119653e+02
4.154058901883417093e+03
1.355708150651611504e+03
3.943083781982451796e+02
4.525903781035135580e+03
2.117768892487983479e+01
3.775826269731166121e+03
1.551024989371953552e+03
1.261106103523758435e+02
2.450638292135597112e+03
7.469360394805626413e+01
3.693059305266947234e+01
3.422676113285162955e+03
9.132958587067594181e+01
1.680159615775892462e+03
